0.000000 -0.000000 0.000000 -0.000000
0.003267 4.566315 0.003267 4.566315
-0.031716 9.099118 -0.031716 9.099118
-0.081952 13.587370 -0.081952 13.587370
-0.172757 18.042800 -0.172757 18.042800
-0.267875 22.451640 -0.267875 22.451640
-0.358400 26.802010 -0.358400 26.802010
-0.442803 31.082040 -0.442803 31.082040
-0.523018 35.271990 -0.523018 35.271990
-0.611006 39.330190 -0.611006 39.330190
-0.673187 43.239550 -0.673187 43.239550
-0.695957 46.977480 -0.695957 46.977480
-0.690361 50.605530 -0.690361 50.605530
-0.609462 54.132960 -0.609462 54.132960
-0.411112 57.531050 -0.411112 57.531050
-0.030280 60.807340 -0.030280 60.807340
0.568852 63.940690 0.568852 63.940690
1.400581 66.903860 1.400581 66.903860
2.445156 69.702430 2.445156 69.702430
3.697183 72.300100 3.697183 72.300100
5.171922 74.740420 5.171922 74.740420
6.852965 76.941870 6.852965 76.941870
8.750799 78.905900 8.750799 78.905900
10.823450 80.634320 10.823450 80.634320
13.066210 82.178440 13.066210 82.178440
15.504950 83.526400 15.504950 83.526400
18.101340 84.588810 18.101340 84.588810
20.853170 85.339470 20.853170 85.339470
23.704110 85.757740 23.704110 85.757740
26.596700 85.903500 26.596700 85.903500
29.539120 85.860020 29.539120 85.860020
32.495530 85.669740 32.495530 85.669740
35.473920 85.419290 35.473920 85.419290
38.479390 85.150930 38.479390 85.150930
41.523140 84.840110 41.523140 84.840110
44.591610 84.512730 44.591610 84.512730
47.698590 84.159740 47.698590 84.159740
50.851300 83.780360 50.851300 83.780360
54.021280 83.370120 54.021280 83.370120
57.236480 82.963200 57.236480 82.963200
60.484150 82.564450 60.484150 82.564450
63.801630 82.126570 63.801630 82.126570
67.115350 81.671290 67.115350 81.671290
70.485000 81.248710 70.485000 81.248710
73.889090 80.831410 73.889090 80.831410
77.339480 80.402860 77.339480 80.402860
80.814430 79.981940 80.814430 79.981940
84.311560 79.560560 84.311560 79.560560
87.843140 79.132970 87.843140 79.132970
91.452740 78.712050 91.452740 78.712050
95.109110 78.302620 95.109110 78.302620
98.802080 77.939830 98.802080 77.939830
102.537600 77.577720 102.537600 77.577720
106.283100 77.182590 106.283100 77.182590
110.001900 76.763780 110.001900 76.763780
113.690700 76.253080 113.690700 76.253080
117.341000 75.581300 117.341000 75.581300
120.903700 74.751300 120.903700 74.751300
124.437500 73.785660 124.437500 73.785660
127.882800 72.651860 127.882800 72.651860
131.253600 71.361680 131.253600 71.361680
134.528800 69.931300 134.528800 69.931300
137.742000 68.328450 137.742000 68.328450
140.926800 66.546730 140.926800 66.546730
144.031200 64.574810 144.031200 64.574810
147.051200 62.406270 147.051200 62.406270
149.969500 60.049300 149.969500 60.049300
152.781800 57.504160 152.781800 57.504160
155.436800 54.746640 155.436800 54.746640
157.947400 51.752940 157.947400 51.752940
160.279800 48.634580 160.279800 48.634580
162.349000 45.353340 162.349000 45.353340
164.179800 41.946720 164.179800 41.946720
165.830900 38.447790 165.830900 38.447790
167.335400 34.861970 167.335400 34.861970
168.691200 31.242820 168.691200 31.242820
169.969500 27.582240 169.969500 27.582240
171.127300 23.900190 171.127300 23.900190
172.263200 20.221330 172.263200 20.221330
173.377000 16.599090 173.377000 16.599090
174.627000 13.004350 174.627000 13.004350
175.942500 9.442182 175.942500 9.442182
177.356800 5.917093 177.356800 5.917093
178.928800 2.434985 178.928800 2.434985
180.675800 -0.971876 180.675800 -0.971876
182.554400 -4.252484 182.554400 -4.252484
184.560700 -7.384682 184.560700 -7.384682
186.750900 -10.368790 186.750900 -10.368790
189.116500 -13.135630 189.116500 -13.135630
191.665700 -15.656880 191.665700 -15.656880
194.385900 -17.931220 194.385900 -17.931220
197.226100 -19.980800 197.226100 -19.980800
200.271800 -21.743030 200.271800 -21.743030
203.448300 -23.203180 203.448300 -23.203180
206.758900 -24.325190 206.758900 -24.325190
210.184300 -25.068170 210.184300 -25.068170
213.630700 -25.424490 213.630700 -25.424490
217.117000 -25.407460 217.117000 -25.407460
220.571900 -25.039820 220.571900 -25.039820
224.021200 -24.363710 224.021200 -24.363710
227.429900 -23.372920 227.429900 -23.372920
230.747500 -22.058700 230.747500 -22.058700
233.928400 -20.443850 233.928400 -20.443850
237.019600 -18.526770 237.019600 -18.526770
239.961000 -16.355940 239.961000 -16.355940
242.779800 -13.984550 242.779800 -13.984550
245.458500 -11.414060 245.458500 -11.414060
247.997000 -8.674394 247.997000 -8.674394
250.390600 -5.759310 250.390600 -5.759310
252.655600 -2.686673 252.655600 -2.686673
254.806500 0.534019 254.806500 0.534019
256.864000 3.862410 256.864000 3.862410
258.884400 7.263272 258.884400 7.263272
260.877600 10.718320 260.877600 10.718320
262.828700 14.222610 262.828700 14.222610
264.741600 17.745920 264.741600 17.745920
266.637600 21.266150 266.637600 21.266150
268.527700 24.786100 268.527700 24.786100
270.375000 28.334210 270.375000 28.334210
272.219500 31.917810 272.219500 31.917810
274.124700 35.502240 274.124700 35.502240
276.050500 39.060050 276.050500 39.060050
277.989700 42.665330 277.989700 42.665330
279.912600 46.301830 279.912600 46.301830
281.775800 49.949900 281.775800 49.949900
283.563100 53.532720 283.563100 53.532720
285.356500 57.056770 285.356500 57.056770
287.075600 60.536460 287.075600 60.536460
288.712000 63.954910 288.712000 63.954910
290.293900 67.289100 290.293900 67.289100
291.871100 70.559820 291.871100 70.559820
293.538100 73.753600 293.538100 73.753600
295.351100 76.864560 295.351100 76.864560
297.261700 79.892800 297.261700 79.892800
299.367900 82.771990 299.367900 82.771990
301.654700 85.444430 301.654700 85.444430
304.129900 87.873730 304.129900 87.873730
306.795800 90.009740 306.795800 90.009740
309.610300 91.815310 309.610300 91.815310
312.540600 93.287990 312.540600 93.287990
315.589700 94.424870 315.589700 94.424870
318.731100 95.231100 318.731100 95.231100
321.947000 95.719040 321.947000 95.719040
325.202000 95.875140 325.202000 95.875140
328.404100 95.672520 328.404100 95.672520
331.635400 95.086030 331.635400 95.086030
334.756200 94.171900 334.756200 94.171900
337.636900 92.963350 337.636900 92.963350
340.363200 91.461070 340.363200 91.461070
342.964100 89.692180 342.964100 89.692180
345.403300 87.579170 345.403300 87.579170
347.592200 85.092570 347.592200 85.092570
349.463400 82.321490 349.463400 82.321490
351.002500 79.397790 351.002500 79.397790
352.204000 76.402830 352.204000 76.402830
353.107800 73.306490 353.107800 73.306490
353.811200 70.096650 353.811200 70.096650
354.464700 66.889050 354.464700 66.889050
355.047400 63.664610 355.047400 63.664610
355.500500 60.449100 355.500500 60.449100
355.866900 57.296080 355.866900 57.296080
356.198500 54.208160 356.198500 54.208160
356.525800 51.221050 356.525800 51.221050
356.961300 48.369400 356.961300 48.369400
357.538900 45.752540 357.538900 45.752540
358.275300 43.388830 358.275300 43.388830
359.266800 41.238890 359.266800 41.238890
360.571800 39.373830 360.571800 39.373830
362.156300 37.835540 362.156300 37.835540
363.974400 36.638300 363.974400 36.638300
366.080400 35.761110 366.080400 35.761110
368.547300 35.234490 368.547300 35.234490
371.148400 35.045060 371.148400 35.045060
373.899500 35.175270 373.899500 35.175270
376.698100 35.611110 376.698100 35.611110
379.470900 36.322790 379.470900 36.322790
382.212100 37.294470 382.212100 37.294470
384.867700 38.517990 384.867700 38.517990
387.364100 39.991850 387.364100 39.991850
389.701500 41.780710 389.701500 41.780710
391.802700 43.839190 391.802700 43.839190
393.689400 46.099010 393.689400 46.099010
395.383900 48.474340 395.383900 48.474340
396.942200 50.928340 396.942200 50.928340
398.325500 53.450140 398.325500 53.450140
399.544900 56.052550 399.544900 56.052550
400.579700 58.728940 400.579700 58.728940
401.390700 61.486590 401.390700 61.486590
401.978000 64.333130 401.978000 64.333130
402.335300 67.250270 402.335300 67.250270
402.474600 70.259740 402.474600 70.259740
402.447300 73.356030 402.447300 73.356030
402.341800 76.540880 402.341800 76.540880
402.228800 79.805450 402.228800 79.805450
402.075400 83.156280 402.075400 83.156280
401.927800 86.597120 401.927800 86.597120
401.721900 90.113350 401.721900 90.113350
401.455800 93.737450 401.455800 93.737450
401.169200 97.438860 401.169200 97.438860
400.835400 101.196700 400.835400 101.196700
400.479100 104.981000 400.479100 104.981000
400.086700 108.745200 400.086700 108.745200
399.638200 112.493800 399.638200 112.493800
399.138700 116.226700 399.138700 116.226700
398.603300 119.924700 398.603300 119.924700
398.025400 123.612000 398.025400 123.612000
397.409200 127.314800 397.409200 127.314800
396.829000 131.013100 396.829000 131.013100
396.222300 134.687900 396.222300 134.687900
395.601900 138.281700 395.601900 138.281700
395.033400 141.881600 395.033400 141.881600
394.483600 145.487500 394.483600 145.487500
393.961300 149.091800 393.961300 149.091800
393.456700 152.724500 393.456700 152.724500
392.964400 156.362200 392.964400 156.362200
392.473900 160.012200 392.473900 160.012200
391.988000 163.681600 391.988000 163.681600
391.511200 167.360500 391.511200 167.360500
391.037700 171.040400 391.037700 171.040400
390.574400 174.743200 390.574400 174.743200
390.110100 178.440800 390.110100 178.440800
389.662900 182.147700 389.662900 182.147700
389.244100 185.891700 389.244100 185.891700
388.894800 189.677500 388.894800 189.677500
388.606000 193.461200 388.606000 193.461200
388.392800 197.250000 388.392800 197.250000
388.242200 201.058600 388.242200 201.058600
388.167200 204.843700 388.167200 204.843700
388.164900 208.656700 388.164900 208.656700
388.225800 212.467100 388.225800 212.467100
388.337900 216.277100 388.337900 216.277100
388.518500 220.100100 388.518500 220.100100
388.781300 223.924000 388.781300 223.924000
389.110400 227.762200 389.110400 227.762200
389.519500 231.600300 389.519500 231.600300
390.000700 235.455300 390.000700 235.455300
390.533100 239.323100 390.533100 239.323100
391.126500 243.191800 391.126500 243.191800
391.817200 247.082900 391.817200 247.082900
392.446500 250.991000 392.446500 250.991000
393.192700 254.933200 393.192700 254.933200
394.129800 258.841200 394.129800 258.841200
395.212400 262.725700 395.212400 262.725700
396.381300 266.559900 396.381300 266.559900
397.591700 270.309200 397.591700 270.309200
398.915600 273.988100 398.915600 273.988100
400.261600 277.620100 400.261600 277.620100
401.674900 281.230100 401.674900 281.230100
403.099300 284.836200 403.099300 284.836200
404.552600 288.368900 404.552600 288.368900
405.981400 291.858600 405.981400 291.858600
407.396700 295.286300 407.396700 295.286300
408.787500 298.654400 408.787500 298.654400
410.160300 301.970700 410.160300 301.970700
411.532700 305.248600 411.532700 305.248600
412.910200 308.514300 412.910200 308.514300
414.286500 311.815200 414.286500 311.815200
415.632400 315.158100 415.632400 315.158100
416.955300 318.554600 416.955300 318.554600
418.356500 321.950200 418.356500 321.950200
419.919100 325.360500 419.919100 325.360500
421.619500 328.772700 421.619500 328.772700
423.465300 332.205100 423.465300 332.205100
425.389400 335.648500 425.389400 335.648500
427.393700 339.062100 427.393700 339.062100
429.441400 342.427400 429.441400 342.427400
431.502800 345.736000 431.502800 345.736000
433.555500 349.037600 433.555500 349.037600
435.647400 352.345100 435.647400 352.345100
437.737700 355.673900 437.737700 355.673900
439.858900 359.019800 439.858900 359.019800
441.938400 362.354800 441.938400 362.354800
444.011500 365.707600 444.011500 365.707600
446.074200 369.043000 446.074200 369.043000
448.108100 372.393000 448.108100 372.393000
450.106200 375.748500 450.106200 375.748500
452.077600 379.076100 452.077600 379.076100
454.072700 382.382200 454.072700 382.382200
456.149900 385.671800 456.149900 385.671800
458.224600 388.968400 458.224600 388.968400
460.351800 392.205600 460.351800 392.205600
462.503100 395.388100 462.503100 395.388100
464.568500 398.419600 464.568500 398.419600
466.632000 401.347200 466.632000 401.347200
468.654400 404.221700 468.654400 404.221700
470.657600 407.038900 470.657600 407.038900
472.677800 409.783700 472.677800 409.783700
474.657200 412.487100 474.657200 412.487100
476.592600 415.139500 476.592600 415.139500
478.496300 417.710700 478.496300 417.710700
480.372100 420.213300 480.372100 420.213300
482.195400 422.602900 482.195400 422.602900
483.955500 424.843700 483.955500 424.843700
485.628500 426.923600 485.628500 426.923600
487.190800 428.865800 487.190800 428.865800
488.699400 430.731200 488.699400 430.731200
490.108000 432.491800 490.108000 432.491800
491.375400 434.138900 491.375400 434.138900
492.521700 435.661300 492.521700 435.661300
493.585300 437.088500 493.585300 437.088500
494.601900 438.498800 494.601900 438.498800
495.493900 439.942600 495.493900 439.942600
496.198400 441.455900 496.198400 441.455900
496.643000 443.038900 496.643000 443.038900
496.894900 444.688300 496.894900 444.688300
496.838300 446.434300 496.838300 446.434300
496.587000 448.236400 496.587000 448.236400
496.020500 450.035800 496.020500 450.035800
495.316800 451.880800 495.316800 451.880800
494.382600 453.714700 494.382600 453.714700
493.357500 455.591800 493.357500 455.591800
492.259600 457.525200 492.259600 457.525200
491.138900 459.531700 491.138900 459.531700
489.968800 461.583000 489.968800 461.583000
488.778600 463.722100 488.778600 463.722100
487.527700 465.987400 487.527700 465.987400
486.241900 468.332900 486.241900 468.332900
484.929200 470.750300 484.929200 470.750300
483.595100 473.196800 483.595100 473.196800
482.240900 475.680400 482.240900 475.680400
480.881200 478.179700 480.881200 478.179700
479.506700 480.715200 479.506700 480.715200
478.139700 483.249600 478.139700 483.249600
476.741800 485.776600 476.741800 485.776600
475.327000 488.358200 475.327000 488.358200
473.905700 490.923000 473.905700 490.923000
472.463600 493.499100 472.463600 493.499100
471.030900 496.048700 471.030900 496.048700
469.654400 498.493900 469.654400 498.493900
468.311000 500.883700 468.311000 500.883700
467.003300 503.201000 467.003300 503.201000
465.767600 505.385700 465.767600 505.385700
464.618000 507.421200 464.618000 507.421200
463.563200 509.303500 463.563200 509.303500
462.581700 511.077100 462.581700 511.077100
461.620900 512.827500 461.620900 512.827500
460.698800 514.516100 460.698800 514.516100
459.825600 516.111800 459.825600 516.111800
459.035800 517.582500 459.035800 517.582500
458.312900 518.912300 458.312900 518.912300
457.589200 520.176600 457.589200 520.176600
456.756600 521.359000 456.756600 521.359000
455.798000 522.446500 455.798000 522.446500
454.695200 523.354600 454.695200 523.354600
453.456700 523.963300 453.456700 523.963300
452.010000 524.448000 452.010000 524.448000
450.370300 524.664900 450.370300 524.664900
448.645800 524.629300 448.645800 524.629300
446.853700 524.242200 446.853700 524.242200
445.001300 523.578900 445.001300 523.578900
443.053700 522.715000 443.053700 522.715000
441.070200 521.621600 441.070200 521.621600
439.068600 520.385000 439.068600 520.385000
437.067600 519.079900 437.067600 519.079900
435.131900 517.711100 435.131900 517.711100
433.248700 516.276400 433.248700 516.276400
431.409100 514.772600 431.409100 514.772600
429.653800 513.188400 429.653800 513.188400
427.979000 511.552500 427.979000 511.552500
426.376200 509.872800 426.376200 509.872800
424.896200 508.159600 424.896200 508.159600
423.477300 506.386900 423.477300 506.386900
422.151700 504.603800 422.151700 504.603800
420.895300 502.757100 420.895300 502.757100
419.698800 500.847600 419.698800 500.847600
418.553100 498.879100 418.553100 498.879100
417.436100 496.852200 417.436100 496.852200
416.341100 494.769800 416.341100 494.769800
415.299400 492.613200 415.299400 492.613200
414.283100 490.400400 414.283100 490.400400
413.291100 488.174100 413.291100 488.174100
412.307400 485.928500 412.307400 485.928500
411.321100 483.659600 411.321100 483.659600
410.385800 481.369500 410.385800 481.369500
409.484300 479.070200 409.484300 479.070200
408.605900 476.771200 408.605900 476.771200
407.747600 474.482200 407.747600 474.482200
406.916200 472.194500 406.916200 472.194500
406.106200 469.923800 406.106200 469.923800
405.321800 467.714100 405.321800 467.714100
404.581200 465.613200 404.581200 465.613200
403.881000 463.647100 403.881000 463.647100
403.196100 461.842900 403.196100 461.842900
402.563700 460.074300 402.563700 460.074300
401.946900 458.305600 401.946900 458.305600
401.296600 456.548600 401.296600 456.548600
400.651300 454.770400 400.651300 454.770400
399.996700 452.984700 399.996700 452.984700
399.329600 451.125900 399.329600 451.125900
398.618400 449.218000 398.618400 449.218000
397.822000 447.249700 397.822000 447.249700
396.969800 445.208000 396.969800 445.208000
396.116100 443.116600 396.116100 443.116600
395.211200 440.967800 395.211200 440.967800
394.287700 438.749400 394.287700 438.749400
393.341900 436.497700 393.341900 436.497700
392.358600 434.221800 392.358600 434.221800
391.343800 431.907700 391.343800 431.907700
390.285600 429.531900 390.285600 429.531900
389.177900 427.104300 389.177900 427.104300
388.002000 424.633000 388.002000 424.633000
386.786000 422.153600 386.786000 422.153600
385.529200 419.645500 385.529200 419.645500
384.252800 417.122900 384.252800 417.122900
382.927300 414.575600 382.927300 414.575600
381.591500 412.030100 381.591500 412.030100
380.224100 409.463100 380.224100 409.463100
378.830100 406.889400 378.830100 406.889400
377.404400 404.303400 377.404400 404.303400
375.940700 401.722300 375.940700 401.722300
374.431300 399.137000 374.431300 399.137000
372.878200 396.550200 372.878200 396.550200
371.286300 393.960100 371.286300 393.960100
369.662600 391.367800 369.662600 391.367800
368.012000 388.798400 368.012000 388.798400
366.357200 386.258300 366.357200 386.258300
364.686300 383.683500 364.686300 383.683500
362.990500 381.103100 362.990500 381.103100
361.274100 378.545400 361.274100 378.545400
359.479500 376.079600 359.479500 376.079600
357.743100 373.713700 357.743100 373.713700
356.046500 371.424400 356.046500 371.424400
354.349500 369.168400 354.349500 369.168400
352.662900 366.944000 352.662900 366.944000
351.018900 364.780500 351.018900 364.780500
349.445300 362.679200 349.445300 362.679200
347.970100 360.669800 347.970100 360.669800
346.587900 358.760700 346.587900 358.760700
345.269200 357.004900 345.269200 357.004900
343.987600 355.420000 343.987600 355.420000
342.722300 353.942300 342.722300 353.942300
341.428400 352.599100 341.428400 352.599100
340.132200 351.423100 340.132200 351.423100
338.769300 350.441200 338.769300 350.441200
337.341700 349.681300 337.341700 349.681300
335.777200 349.128400 335.777200 349.128400
334.132400 348.908200 334.132400 348.908200
332.452400 349.031300 332.452400 349.031300
330.797800 349.428100 330.797800 349.428100
329.211100 350.167300 329.211100 350.167300
327.641800 351.098300 327.641800 351.098300
326.094800 352.236000 326.094800 352.236000
324.512700 353.489700 324.512700 353.489700
322.875800 354.863500 322.875800 354.863500
321.135500 356.302000 321.135500 356.302000
319.250000 357.710100 319.250000 357.710100
317.242300 359.002400 317.242300 359.002400
315.093800 360.160000 315.093800 360.160000
312.852600 361.167400 312.852600 361.167400
310.509200 362.008200 310.509200 362.008200
308.069100 362.662200 308.069100 362.662200
305.560600 363.146700 305.560600 363.146700
302.953900 363.438100 302.953900 363.438100
300.313300 363.558500 300.313300 363.558500
297.631800 363.522600 297.631800 363.522600
294.885100 363.381000 294.885100 363.381000
292.104200 363.172300 292.104200 363.172300
289.300900 362.939000 289.300900 362.939000
286.491000 362.678500 286.491000 362.678500
283.693500 362.370200 283.693500 362.370200
280.920600 362.098000 280.920600 362.098000
278.169000 361.857400 278.169000 361.857400
275.446800 361.657400 275.446800 361.657400
272.737000 361.519800 272.737000 361.519800
270.035600 361.455000 270.035600 361.455000
267.327700 361.497700 267.327700 361.497700
264.630400 361.676000 264.630400 361.676000
261.940300 361.979900 261.940300 361.979900
259.250900 362.413000 259.250900 362.413000
256.573600 362.959900 256.573600 362.959900
253.917300 363.655300 253.917300 363.655300
251.288400 364.497000 251.288400 364.497000
248.680300 365.504900 248.680300 365.504900
246.094700 366.666900 246.094700 366.666900
243.562600 367.994000 243.562600 367.994000
241.083300 369.508300 241.083300 369.508300
238.697300 371.174900 238.697300 371.174900
236.432200 372.983900 236.432200 372.983900
234.282400 374.915600 234.282400 374.915600
232.221400 376.965100 232.221400 376.965100
230.283900 379.136000 230.283900 379.136000
228.445400 381.408600 228.445400 381.408600
226.762700 383.789500 226.762700 383.789500
225.240300 386.284200 225.240300 386.284200
223.870500 388.875300 223.870500 388.875300
222.651800 391.576800 222.651800 391.576800
221.610300 394.407600 221.610300 394.407600
220.731600 397.346700 220.731600 397.346700
220.036100 400.374900 220.036100 400.374900
219.492700 403.546000 219.492700 403.546000
219.131100 406.829700 219.131100 406.829700
218.954900 410.176200 218.954900 410.176200
218.961000 413.566100 218.961000 413.566100
219.145900 416.967900 219.145900 416.967900
219.451900 420.389700 219.451900 420.389700
219.829800 423.806600 219.829800 423.806600
220.310500 427.237200 220.310500 427.237200
220.868900 430.684800 220.868900 430.684800
221.441400 434.161900 221.441400 434.161900
222.038500 437.663400 222.038500 437.663400
222.674200 441.192400 222.674200 441.192400
223.324700 444.766400 223.324700 444.766400
223.976800 448.390400 223.976800 448.390400
224.645100 452.052600 224.645100 452.052600
225.326300 455.738000 225.326300 455.738000
226.013500 459.438200 226.013500 459.438200
226.742700 463.131400 226.742700 463.131400
227.489100 466.830800 227.489100 466.830800
228.247700 470.527000 228.247700 470.527000
229.012100 474.215100 229.012100 474.215100
229.762000 477.897100 229.762000 477.897100
230.499300 481.567900 230.499300 481.567900
231.252900 485.238400 231.252900 485.238400
232.010300 488.886300 232.010300 488.886300
232.763300 492.531800 232.763300 492.531800
233.545900 496.169700 233.545900 496.169700
234.328200 499.811600 234.328200 499.811600
235.108100 503.420000 235.108100 503.420000
235.907500 507.019800 235.907500 507.019800
236.703700 510.603300 236.703700 510.603300
237.481000 514.162500 237.481000 514.162500
238.249000 517.704200 238.249000 517.704200
239.014400 521.230500 239.014400 521.230500
239.746800 524.741600 239.746800 524.741600
240.436600 528.231300 240.436600 528.231300
241.102000 531.689500 241.102000 531.689500
241.740900 535.133300 241.740900 535.133300
242.359400 538.550300 242.359400 538.550300
242.993900 541.935900 242.993900 541.935900
243.655500 545.295800 243.655500 545.295800
244.307800 548.630700 244.307800 548.630700
244.986700 551.924500 244.986700 551.924500
245.686600 555.189800 245.686600 555.189800
246.402300 558.403000 246.402300 558.403000
247.160300 561.604000 247.160300 561.604000
247.954300 564.747800 247.954300 564.747800
248.799800 567.843200 248.799800 567.843200
249.719700 570.881500 249.719700 570.881500
250.691800 573.875500 250.691800 573.875500
251.722500 576.816900 251.722500 576.816900
252.792400 579.719200 252.792400 579.719200
253.899200 582.619100 253.899200 582.619100
254.999400 585.538800 254.999400 585.538800
256.084000 588.464600 256.084000 588.464600
257.132200 591.413100 257.132200 591.413100
258.142200 594.337700 258.142200 594.337700
259.143500 597.295100 259.143500 597.295100
260.132300 600.227900 260.132300 600.227900
261.124300 603.146400 261.124300 603.146400
262.175000 606.016800 262.175000 606.016800
263.321800 608.844200 263.321800 608.844200
264.592700 611.600700 264.592700 611.600700
266.012800 614.279900 266.012800 614.279900
267.588100 616.881700 267.588100 616.881700
269.323800 619.428300 269.323800 619.428300
271.210100 621.881800 271.210100 621.881800
273.238300 624.254900 273.238300 624.254900
275.373300 626.509900 275.373300 626.509900
277.623300 628.637000 277.623300 628.637000
279.976600 630.608900 279.976600 630.608900
282.453700 632.438800 282.453700 632.438800
285.065600 634.108700 285.065600 634.108700
287.781800 635.684200 287.781800 635.684200
290.614800 637.170400 290.614800 637.170400
293.572000 638.551300 293.572000 638.551300
296.640000 639.897800 296.640000 639.897800
299.815900 641.203200 299.815900 641.203200
303.076400 642.494500 303.076400 642.494500
306.357100 643.765800 306.357100 643.765800
309.674900 645.021300 309.674900 645.021300
312.999700 646.243800 312.999700 646.243800
316.341000 647.457400 316.341000 647.457400
319.656500 648.689200 319.656500 648.689200
322.948500 649.961000 322.948500 649.961000
326.166800 651.311700 326.166800 651.311700
329.336100 652.739100 329.336100 652.739100
332.444200 654.205600 332.444200 654.205600
335.400500 655.659200 335.400500 655.659200
338.177900 657.091100 338.177900 657.091100
340.853600 658.520100 340.853600 658.520100
343.392000 659.901300 343.392000 659.901300
345.797500 661.222900 345.797500 661.222900
348.061700 662.470200 348.061700 662.470200
350.227800 663.663600 350.227800 663.663600
352.269800 664.764500 352.269800 664.764500
354.171500 665.743600 354.171500 665.743600
355.867200 666.596600 355.867200 666.596600
357.385800 667.323400 357.385800 667.323400
358.688300 667.945100 358.688300 667.945100
359.785500 668.454700 359.785500 668.454700
360.684700 668.879300 360.684700 668.879300
361.448900 669.240500 361.448900 669.240500
362.202200 669.609800 362.202200 669.609800
362.884200 670.041700 362.884200 670.041700
363.544500 670.582800 363.544500 670.582800
364.209800 671.330500 364.209800 671.330500
364.845000 672.309500 364.845000 672.309500
365.349200 673.552400 365.349200 673.552400
365.693100 675.079000 365.693100 675.079000
365.765200 676.782400 365.765200 676.782400
365.523700 678.539500 365.523700 678.539500
365.089100 680.489300 365.089100 680.489300
364.466100 682.514600 364.466100 682.514600
363.616300 684.610800 363.616300 684.610800
362.501500 686.760700 362.501500 686.760700
361.240200 688.988000 361.240200 688.988000
359.916600 691.336700 359.916600 691.336700
358.517400 693.800300 358.517400 693.800300
357.035700 696.407500 357.035700 696.407500
355.508800 699.115600 355.508800 699.115600
353.904300 701.929300 353.904300 701.929300
352.257400 704.823800 352.257400 704.823800
350.567500 707.796400 350.567500 707.796400
348.841400 710.853200 348.841400 710.853200
347.061700 713.947900 347.061700 713.947900
345.240600 717.126500 345.240600 717.126500
343.396200 720.384700 343.396200 720.384700
341.517100 723.688800 341.517100 723.688800
339.619000 727.060600 339.619000 727.060600
337.697800 730.488300 337.697800 730.488300
335.746300 733.965100 335.746300 733.965100
333.767200 737.500800 333.767200 737.500800
331.787300 741.093200 331.787300 741.093200
329.802100 744.697600 329.802100 744.697600
327.822700 748.252900 327.822700 748.252900
325.882900 751.750500 325.882900 751.750500
323.953700 755.221900 323.953700 755.221900
322.019400 758.698600 322.019400 758.698600
320.037700 762.177600 320.037700 762.177600
318.097700 765.622300 318.097700 765.622300
316.183200 769.057500 316.183200 769.057500
314.250000 772.494900 314.250000 772.494900
312.275800 775.931500 312.275800 775.931500
310.254000 779.359500 310.254000 779.359500
308.122800 782.782800 308.122800 782.782800
305.862800 786.166800 305.862800 786.166800
303.500700 789.503100 303.500700 789.503100
300.970800 792.776600 300.970800 792.776600
298.346100 795.948700 298.346100 795.948700
295.632400 799.046800 295.632400 799.046800
292.854400 802.131000 292.854400 802.131000
290.021900 805.167500 290.021900 805.167500
287.126600 808.146600 287.126600 808.146600
284.119000 811.063300 284.119000 811.063300
281.041800 813.860300 281.041800 813.860300
277.869300 816.545900 277.869300 816.545900
274.646800 819.105600 274.646800 819.105600
271.386100 821.531200 271.386100 821.531200
268.116800 823.813700 268.116800 823.813700
264.867100 825.970500 264.867100 825.970500
261.611600 828.060300 261.611600 828.060300
258.412200 830.064600 258.412200 830.064600
255.270800 831.964500 255.270800 831.964500
252.165400 833.785500 252.165400 833.785500
249.035500 835.465400 249.035500 835.465400
245.676600 836.941500 245.676600 836.941500
242.526400 838.395100 242.526400 838.395100
239.649200 839.782300 239.649200 839.782300
236.954200 841.095200 236.954200 841.095200
234.477400 842.339200 234.477400 842.339200
232.193600 843.528700 232.193600 843.528700
230.093400 844.639300 230.093400 844.639300
228.164600 845.633300 228.164600 845.633300
226.339700 846.487500 226.339700 846.487500
224.559800 847.148600 224.559800 847.148600
222.862900 847.611100 222.862900 847.611100
221.160000 847.853200 221.160000 847.853200
219.343600 847.650900 219.343600 847.650900
217.613700 847.228800 217.613700 847.228800
215.983200 846.459000 215.983200 846.459000
214.496600 845.376700 214.496600 845.376700
213.166300 844.015600 213.166300 844.015600
211.989600 842.443000 211.989600 842.443000
210.942500 840.673500 210.942500 840.673500
210.015200 838.668700 210.015200 838.668700
209.177100 836.492300 209.177100 836.492300
208.420100 834.203400 208.420100 834.203400
207.685300 831.756600 207.685300 831.756600
206.966400 829.169500 206.966400 829.169500
206.234900 826.499600 206.234900 826.499600
205.491300 823.727800 205.491300 823.727800
204.726900 820.872900 204.726900 820.872900
203.960100 817.947300 203.960100 817.947300
203.188700 814.944500 203.188700 814.944500
202.387700 811.853000 202.387700 811.853000
201.557100 808.685000 201.557100 808.685000
200.707000 805.446700 200.707000 805.446700
199.837600 802.169300 199.837600 802.169300
198.959100 798.853000 198.959100 798.853000
198.078300 795.512000 198.078300 795.512000
197.208100 792.134200 197.208100 792.134200
196.331500 788.727300 196.331500 788.727300
195.393800 785.296400 195.393800 785.296400
194.407000 781.832200 194.407000 781.832200
193.372100 778.361600 193.372100 778.361600
192.268500 774.862700 192.268500 774.862700
191.104500 771.351900 191.104500 771.351900
189.900200 767.803200 189.900200 767.803200
188.697400 764.215300 188.697400 764.215300
187.525500 760.573100 187.525500 760.573100
186.417200 756.874800 186.417200 756.874800
185.391100 753.140200 185.391100 753.140200
184.425300 749.376100 184.425300 749.376100
183.505800 745.586000 183.505800 745.586000
182.630800 741.760500 182.630800 741.760500
181.799600 737.920600 181.799600 737.920600
180.995700 734.046000 180.995700 734.046000
180.235100 730.165100 180.235100 730.165100
179.509000 726.267300 179.509000 726.267300
178.782600 722.358000 178.782600 722.358000
178.060700 718.433400 178.060700 718.433400
177.362100 714.485400 177.362100 714.485400
176.683600 710.485300 176.683600 710.485300
176.012100 706.523900 176.012100 706.523900
175.366700 702.573200 175.366700 702.573200
174.771600 698.664000 174.771600 698.664000
174.208700 694.786000 174.208700 694.786000
173.664500 690.971400 173.664500 690.971400
173.120400 687.194400 173.120400 687.194400
172.609800 683.452500 172.609800 683.452500
172.111300 679.757200 172.111300 679.757200
171.620100 676.075400 171.620100 676.075400
171.116500 672.425100 171.116500 672.425100
170.597300 668.791300 170.597300 668.791300
170.061700 665.158300 170.061700 665.158300
169.508500 661.515700 169.508500 661.515700
168.924400 657.855800 168.924400 657.855800
168.353600 654.164700 168.353600 654.164700
167.787000 650.469600 167.787000 650.469600
167.241700 646.760000 167.241700 646.760000
166.711700 643.033600 166.711700 643.033600
166.161900 639.298500 166.161900 639.298500
165.603300 635.547200 165.603300 635.547200
165.019900 631.781100 165.019900 631.781100
164.407900 627.989800 164.407900 627.989800
163.795100 624.165700 163.795100 624.165700
163.188600 620.333500 163.188600 620.333500
162.585900 616.485800 162.585900 616.485800
162.003800 612.637200 162.003800 612.637200
161.404000 608.796100 161.404000 608.796100
160.758000 604.972100 160.758000 604.972100
160.133600 601.135300 160.133600 601.135300
159.495800 597.273400 159.495800 597.273400
158.840300 593.366000 158.840300 593.366000
158.208600 589.447000 158.208600 589.447000
157.580800 585.515400 157.580800 585.515400
156.942900 581.558400 156.942900 581.558400
156.315100 577.584700 156.315100 577.584700
155.693100 573.602200 155.693100 573.602200
155.097900 569.612100 155.097900 569.612100
154.494600 565.631700 154.494600 565.631700
153.882900 561.635800 153.882900 561.635800
153.275400 557.661700 153.275400 557.661700
152.657100 553.699500 152.657100 553.699500
152.007000 549.736100 152.007000 549.736100
151.335500 545.780700 151.335500 545.780700
150.702300 541.830000 150.702300 541.830000
150.111100 537.863200 150.111100 537.863200
149.565800 533.878000 149.565800 533.878000
149.070700 529.886400 149.070700 529.886400
148.583300 525.892200 148.583300 525.892200
148.098100 521.899600 148.098100 521.899600
147.615200 517.906000 147.615200 517.906000
147.078600 513.924800 147.078600 513.924800
146.557400 509.928000 146.557400 509.928000
145.990800 505.947400 145.990800 505.947400
145.414200 501.983900 145.414200 501.983900
144.839400 498.023200 144.839400 498.023200
144.237000 494.066600 144.237000 494.066600
143.642200 490.086700 143.642200 490.086700
143.093600 486.100600 143.093600 486.100600
142.520000 482.109500 142.520000 482.109500
141.953600 478.120000 141.953600 478.120000
141.409200 474.120700 141.409200 474.120700
140.866200 470.116800 140.866200 470.116800
140.329900 466.129000 140.329900 466.129000
139.802900 462.170200 139.802900 462.170200
139.285200 458.259400 139.285200 458.259400
138.767400 454.380800 138.767400 454.380800
138.265200 450.537100 138.265200 450.537100
137.781900 446.703500 137.781900 446.703500
137.326700 442.890000 137.326700 442.890000
136.905100 439.064700 136.905100 439.064700
136.518100 435.237300 136.518100 435.237300
136.143200 431.414200 136.143200 431.414200
135.825400 427.592200 135.825400 427.592200
135.543200 423.737300 135.543200 423.737300
135.270100 419.908100 135.270100 419.908100
135.035900 416.031200 135.035900 416.031200
134.860400 412.167200 134.860400 412.167200
134.729600 408.319200 134.729600 408.319200
134.657500 404.515600 134.657500 404.515600
134.622800 400.768700 134.622800 400.768700
134.596400 397.079600 134.596400 397.079600
134.623000 393.460300 134.623000 393.460300
134.664700 389.903700 134.664700 389.903700
134.742900 386.395400 134.742900 386.395400
134.849100 382.945500 134.849100 382.945500
134.972000 379.565400 134.972000 379.565400
135.131800 376.244700 135.131800 376.244700
135.333900 373.018200 135.333900 373.018200
135.556500 369.861200 135.556500 369.861200
135.838900 366.777100 135.838900 366.777100
136.225700 363.791900 136.225700 363.791900
136.738700 360.891300 136.738700 360.891300
137.359000 358.081000 137.359000 358.081000
138.112400 355.303200 138.112400 355.303200
138.966200 352.534800 138.966200 352.534800
139.893600 349.805900 139.893600 349.805900
140.896000 347.157200 140.896000 347.157200
141.971400 344.579000 141.971400 344.579000
143.130500 342.084500 143.130500 342.084500
144.392300 339.674500 144.392300 339.674500
145.777400 337.332100 145.777400 337.332100
147.331500 335.073900 147.331500 335.073900
149.057400 332.893100 149.057400 332.893100
150.967000 330.772000 150.967000 330.772000
153.050000 328.762800 153.050000 328.762800
155.286900 326.913400 155.286900 326.913400
157.696000 325.210700 157.696000 325.210700
160.258100 323.696400 160.258100 323.696400
162.973100 322.395300 162.973100 322.395300
165.832800 321.314600 165.832800 321.314600
168.823000 320.455500 168.823000 320.455500
171.915000 319.751800 171.915000 319.751800
175.093600 319.154400 175.093600 319.154400
178.356600 318.621500 178.356600 318.621500
181.670600 318.107800 181.670600 318.107800
184.954100 317.552100 184.954100 317.552100
188.360600 317.014600 188.360600 317.014600
191.810500 316.498600 191.810500 316.498600
195.303300 315.956300 195.303300 315.956300
198.810200 315.370500 198.810200 315.370500
202.319700 314.727700 202.319700 314.727700
205.854900 314.018600 205.854900 314.018600
209.382100 313.210000 209.382100 313.210000
212.873900 312.313500 212.873900 312.313500
216.282400 311.315800 216.282400 311.315800
219.602300 310.211800 219.602300 310.211800
222.828600 308.969500 222.828600 308.969500
225.892800 307.618500 225.892800 307.618500
228.857400 306.132600 228.857400 306.132600
231.705300 304.510000 231.705300 304.510000
234.404500 302.795000 234.404500 302.795000
236.964200 301.022400 236.964200 301.022400
239.357400 299.191600 239.357400 299.191600
241.573300 297.348000 241.573300 297.348000
243.583200 295.531300 243.583200 295.531300
245.364000 293.745300 245.364000 293.745300
246.928300 292.003400 246.928300 292.003400
248.255900 290.313300 248.255900 290.313300
249.318200 288.712300 249.318200 288.712300
250.170400 287.137600 250.170400 287.137600
250.789300 285.600000 250.789300 285.600000
251.165900 284.019700 251.165900 284.019700
251.314100 282.347000 251.314100 282.347000
251.208600 280.685900 251.208600 280.685900
250.772400 279.031200 250.772400 279.031200
249.999900 277.363100 249.999900 277.363100
248.862600 275.742500 248.862600 275.742500
247.391400 274.199800 247.391400 274.199800
245.604100 272.717600 245.604100 272.717600
243.606700 271.249000 243.606700 271.249000
241.483200 269.657000 241.483200 269.657000
239.255900 267.931300 239.255900 267.931300
236.942400 266.062700 236.942400 266.062700
234.573400 264.060900 234.573400 264.060900
232.194200 261.911300 232.194200 261.911300
229.828600 259.643500 229.828600 259.643500
227.459400 257.285700 227.459400 257.285700
225.117700 254.818300 225.117700 254.818300
222.794900 252.268100 222.794900 252.268100
220.539900 249.684100 220.539900 249.684100
218.379000 247.150200 218.379000 247.150200
216.331900 244.688600 216.331900 244.688600
214.447100 242.296600 214.447100 242.296600
212.738900 239.986300 212.738900 239.986300
211.155100 237.800000 211.155100 237.800000
209.645500 235.806000 209.645500 235.806000
208.153800 234.063200 208.153800 234.063200
206.642600 232.599300 206.642600 232.599300
205.050700 231.388700 205.050700 231.388700
203.386000 230.453900 203.386000 230.453900
201.568800 229.804200 201.568800 229.804200
199.652600 229.469400 199.652600 229.469400
197.649300 229.448700 197.649300 229.448700
195.695200 229.808500 195.695200 229.808500
193.757500 230.545900 193.757500 230.545900
191.873400 231.575500 191.873400 231.575500
190.008500 232.786900 190.008500 232.786900
188.027800 234.075600 188.027800 234.075600
185.893500 235.390300 185.893500 235.390300
183.609800 236.705800 183.609800 236.705800
181.165200 238.005100 181.165200 238.005100
178.517300 239.254000 178.517300 239.254000
175.726900 240.407000 175.726900 240.407000
172.707400 241.421200 172.707400 241.421200
169.603600 242.357600 169.603600 242.357600
166.445500 243.209000 166.445500 243.209000
163.269700 243.975200 163.269700 243.975200
160.018600 244.710100 160.018600 244.710100
156.736700 245.397400 156.736700 245.397400
153.408400 246.036100 153.408400 246.036100
150.090200 246.634600 150.090200 246.634600
146.806300 247.228400 146.806300 247.228400
143.505000 247.801600 143.505000 247.801600
140.209300 248.367500 140.209300 248.367500
136.935100 248.926700 136.935100 248.926700
133.701200 249.482000 133.701200 249.482000
130.512300 250.041400 130.512300 250.041400
127.368600 250.623000 127.368600 250.623000
124.279500 251.271600 124.279500 251.271600
121.226800 251.988400 121.226800 251.988400
118.235900 252.796200 118.235900 252.796200
115.296000 253.710500 115.296000 253.710500
112.410900 254.793600 112.410900 254.793600
109.550100 256.073600 109.550100 256.073600
106.765300 257.559400 106.765300 257.559400
104.058300 259.195200 104.058300 259.195200
101.451300 260.983800 101.451300 260.983800
98.958900 262.930000 98.958900 262.930000
96.560750 265.038400 96.560750 265.038400
94.233290 267.302400 94.233290 267.302400
91.992660 269.682500 91.992660 269.682500
89.872160 272.215300 89.872160 272.215300
87.867480 274.902800 87.867480 274.902800
85.990600 277.735000 85.990600 277.735000
84.244040 280.710100 84.244040 280.710100
82.619100 283.777000 82.619100 283.777000
81.079690 286.968600 81.079690 286.968600
79.784310 290.233300 79.784310 290.233300
78.568560 293.653400 78.568560 293.653400
77.471470 297.091000 77.471470 297.091000
76.507590 300.590600 76.507590 300.590600
75.684350 304.118500 75.684350 304.118500
74.993740 307.691900 74.993740 307.691900
74.448540 311.297700 74.448540 311.297700
74.042020 314.935900 74.042020 314.935900
73.771590 318.594800 73.771590 318.594800
73.715910 322.261900 73.715910 322.261900
73.769420 325.907700 73.769420 325.907700
73.817040 329.552100 73.817040 329.552100
74.000290 333.173500 74.000290 333.173500
74.172500 336.809200 74.172500 336.809200
74.344680 340.442200 74.344680 340.442200
74.514430 344.091300 74.514430 344.091300
74.662940 347.746700 74.662940 347.746700
74.736070 351.400000 74.736070 351.400000
74.769320 355.000700 74.769320 355.000700
74.814470 358.586500 74.814470 358.586500
74.746920 362.178000 74.746920 362.178000
74.686830 365.745600 74.686830 365.745600
74.555740 369.317000 74.555740 369.317000
74.360040 372.935200 74.360040 372.935200
74.109450 376.533900 74.109450 376.533900
73.828330 380.133100 73.828330 380.133100
73.476450 383.716600 73.476450 383.716600
73.062260 387.295400 73.062260 387.295400
72.635640 390.839200 72.635640 390.839200
72.123690 394.365700 72.123690 394.365700
71.585570 397.910500 71.585570 397.910500
70.976400 401.435000 70.976400 401.435000
70.311850 404.959700 70.311850 404.959700
69.602670 408.449900 69.602670 408.449900
68.879140 411.948200 68.879140 411.948200
68.139490 415.452800 68.139490 415.452800
67.432580 418.981100 67.432580 418.981100
66.735590 422.501800 66.735590 422.501800
66.031790 425.991100 66.031790 425.991100
65.337700 429.457600 65.337700 429.457600
64.678150 432.971500 64.678150 432.971500
64.092350 436.564700 64.092350 436.564700
63.538820 440.165700 63.538820 440.165700
63.089490 443.780200 63.089490 443.780200
62.687700 447.405600 62.687700 447.405600
62.395430 451.016900 62.395430 451.016900
62.179910 454.600300 62.179910 454.600300
62.016060 458.184800 62.016060 458.184800
61.878910 461.762700 61.878910 461.762700
61.782260 465.339800 61.782260 465.339800
61.711200 468.924000 61.711200 468.924000
61.669710 472.506000 61.669710 472.506000
61.695530 476.094800 61.695530 476.094800
61.729390 479.666900 61.729390 479.666900
61.822870 483.270300 61.822870 483.270300
61.924810 486.878100 61.924810 486.878100
62.056550 490.478600 62.056550 490.478600
62.176020 494.117900 62.176020 494.117900
62.266690 497.773900 62.266690 497.773900
62.330910 501.484400 62.330910 501.484400
62.383600 505.245100 62.383600 505.245100
62.456820 509.016300 62.456820 509.016300
62.639660 512.800600 62.639660 512.800600
62.868350 516.638100 62.868350 516.638100
63.106400 520.456700 63.106400 520.456700
63.367240 524.259400 63.367240 524.259400
63.593570 528.081800 63.593570 528.081800
63.801530 531.888200 63.801530 531.888200
64.024540 535.667900 64.024540 535.667900
64.206830 539.467500 64.206830 539.467500
64.344710 543.234900 64.344710 543.234900
64.496310 546.996900 64.496310 546.996900
64.631930 550.743000 64.631930 550.743000
64.749170 554.462700 64.749170 554.462700
64.914610 558.167300 64.914610 558.167300
65.103700 561.867200 65.103700 561.867200
65.335960 565.517200 65.335960 565.517200
65.569200 569.190200 65.569200 569.190200
65.794250 572.863800 65.794250 572.863800
65.979210 576.521900 65.979210 576.521900
66.180050 580.172300 66.180050 580.172300
66.362280 583.853000 66.362280 583.853000
66.538350 587.515200 66.538350 587.515200
66.682270 591.168900 66.682270 591.168900
66.777600 594.811400 66.777600 594.811400
66.890400 598.420300 66.890400 598.420300
67.026690 602.042900 67.026690 602.042900
67.177460 605.622900 67.177460 605.622900
67.323020 609.198300 67.323020 609.198300
67.450500 612.758000 67.450500 612.758000
67.653570 616.289300 67.653570 616.289300
67.878290 619.813700 67.878290 619.813700
68.154010 623.308500 68.154010 623.308500
68.437020 626.799600 68.437020 626.799600
68.771410 630.257700 68.771410 630.257700
69.202550 633.695200 69.202550 633.695200
69.600670 637.103300 69.600670 637.103300
70.036830 640.488700 70.036830 640.488700
70.506270 643.807100 70.506270 643.807100
70.892770 647.161500 70.892770 647.161500
71.232770 650.443300 71.232770 650.443300
71.580170 653.720500 71.580170 653.720500
71.988160 656.939000 71.988160 656.939000
72.305150 660.204100 72.305150 660.204100
72.604120 663.408400 72.604120 663.408400
72.917010 666.635000 72.917010 666.635000
73.242550 669.852400 73.242550 669.852400
73.637330 673.050100 73.637330 673.050100
74.027710 676.284300 74.027710 676.284300
74.459600 679.526800 74.459600 679.526800
74.950660 682.820100 74.950660 682.820100
75.485380 686.101000 75.485380 686.101000
75.997000 689.438300 75.997000 689.438300
76.620780 692.817900 76.620780 692.817900
77.255750 696.266300 77.255750 696.266300
77.860920 699.720200 77.860920 699.720200
78.456960 703.252300 78.456960 703.252300
79.046650 706.838300 79.046650 706.838300
79.748960 710.431700 79.748960 710.431700
80.377820 714.087800 80.377820 714.087800
80.984990 717.795000 80.984990 717.795000
81.568530 721.524100 81.568530 721.524100
82.226950 725.230100 82.226950 725.230100
82.971570 728.932500 82.971570 728.932500
83.716810 732.637800 83.716810 732.637800
84.461420 736.340000 84.461420 736.340000
85.205890 740.041500 85.205890 740.041500
85.988280 743.734800 85.988280 743.734800
86.881120 747.371500 86.881120 747.371500
87.770200 751.019300 87.770200 751.019300
88.659140 754.657900 88.659140 754.657900
89.568830 758.256300 89.568830 758.256300
90.529500 761.919200 90.529500 761.919200
91.504420 765.495400 91.504420 765.495400
92.518360 769.126400 92.518360 769.126400
93.541990 772.703400 93.541990 772.703400
94.615270 776.302000 94.615270 776.302000
95.687250 779.833200 95.687250 779.833200
96.764590 783.369100 96.764590 783.369100
97.857970 786.887700 97.857970 786.887700
98.977700 790.363900 98.977700 790.363900
100.102700 793.842400 100.102700 793.842400
101.281700 797.278800 101.281700 797.278800
102.480100 800.701200 102.480100 800.701200
103.706800 804.080200 103.706800 804.080200
104.948300 807.449200 104.948300 807.449200
106.192400 810.798000 106.192400 810.798000
107.467000 814.117100 107.467000 814.117100
108.775000 817.411500 108.775000 817.411500
110.077600 820.689800 110.077600 820.689800
111.337000 823.916800 111.337000 823.916800
112.595900 827.082700 112.595900 827.082700
113.862500 830.153000 113.862500 830.153000
115.118400 833.166500 115.118400 833.166500
116.423500 836.128900 116.423500 836.128900
117.895400 839.037200 117.895400 839.037200
119.447600 841.885100 119.447600 841.885100
121.088600 844.701900 121.088600 844.701900
122.872100 847.290700 122.872100 847.290700
124.724400 849.810800 124.724400 849.810800
126.575500 852.329600 126.575500 852.329600
128.426600 854.848600 128.426600 854.848600
130.276800 857.367000 130.276800 857.367000
132.127400 859.883600 132.127400 859.883600
133.992200 862.014800 133.992200 862.014800
135.814600 864.035300 135.814600 864.035300
137.604800 865.988300 137.604800 865.988300
139.298200 867.835900 139.298200 867.835900
140.919200 869.609300 140.919200 869.609300
142.486000 871.338400 142.486000 871.338400
143.940800 872.954000 143.940800 872.954000
145.300100 874.412900 145.300100 874.412900
146.559000 875.661600 146.559000 875.661600
147.650800 876.418400 147.650800 876.418400
148.685500 877.020600 148.685500 877.020600
149.713200 877.623900 149.713200 877.623900
150.732500 878.227900 150.732500 878.227900
151.742600 878.831700 151.742600 878.831700
152.808100 879.342000 152.808100 879.342000
154.068700 879.516900 154.068700 879.516900
155.413300 879.479400 155.413300 879.479400
156.888700 879.272300 156.888700 879.272300
158.478100 878.881900 158.478100 878.881900
160.134900 878.287500 160.134900 878.287500
161.860100 877.489100 161.860100 877.489100
163.672500 876.562600 163.672500 876.562600
165.594100 875.530000 165.594100 875.530000
167.624000 874.437100 167.624000 874.437100
169.770000 873.289900 169.770000 873.289900
172.035600 872.094100 172.035600 872.094100
174.385300 870.862300 174.385300 870.862300
176.854600 869.589200 176.854600 869.589200
179.401000 868.288100 179.401000 868.288100
181.975500 866.969700 181.975500 866.969700
184.536700 865.639500 184.536700 865.639500
187.062400 864.284700 187.062400 864.284700
189.538900 862.924800 189.538900 862.924800
191.918900 861.611300 191.918900 861.611300
194.206900 860.315700 194.206900 860.315700
196.343300 858.956400 196.343300 858.956400
198.368400 857.888200 198.368400 857.888200
200.275000 856.919100 200.275000 856.919100
202.193600 856.085800 202.193600 856.085800
204.073500 855.496400 204.073500 855.496400
205.960400 855.183900 205.960400 855.183900
207.864300 855.202100 207.864300 855.202100
209.713700 855.529100 209.713700 855.529100
211.499200 856.220700 211.499200 856.220700
213.188100 857.107700 213.188100 857.107700
214.784400 858.522000 214.784400 858.522000
216.227100 860.190500 216.227100 860.190500
217.589200 862.100400 217.589200 862.100400
218.870200 864.194100 218.870200 864.194100
220.036500 866.491500 220.036500 866.491500
221.092500 868.955100 221.092500 868.955100
222.159200 871.551200 222.159200 871.551200
223.261300 874.233400 223.261300 874.233400
224.402100 877.003500 224.402100 877.003500
225.538100 879.835200 225.538100 879.835200
226.647400 882.714200 226.647400 882.714200
227.713000 885.605500 227.713000 885.605500
228.729800 888.498800 228.729800 888.498800
229.740400 891.364700 229.740400 891.364700
230.756400 894.190300 230.756400 894.190300
231.798000 896.975600 231.798000 896.975600
232.862200 899.689300 232.862200 899.689300
234.006400 902.314400 234.006400 902.314400
235.284000 904.779800 235.284000 904.779800
236.717300 907.106500 236.717300 907.106500
238.297800 909.282700 238.297800 909.282700
240.026200 911.279800 240.026200 911.279800
241.899800 913.107900 241.899800 913.107900
243.969200 914.753500 243.969200 914.753500
246.167200 916.200700 246.167200 916.200700
248.519300 917.425900 248.519300 917.425900
250.970500 918.372900 250.970500 918.372900
253.540200 919.159700 253.540200 919.159700
256.240400 919.688000 256.240400 919.688000
259.064500 919.965800 259.064500 919.965800
262.004800 920.092700 262.004800 920.092700
265.032800 920.081200 265.032800 920.081200
268.210100 920.078400 268.210100 920.078400
271.495300 919.927300 271.495300 919.927300
274.820000 919.698100 274.820000 919.698100
278.229300 919.336300 278.229300 919.336300
281.674700 918.885400 281.674700 918.885400
285.133600 918.345800 285.133600 918.345800
288.622600 917.728600 288.622600 917.728600
292.132800 917.013700 292.132800 917.013700
295.617300 916.238200 295.617300 916.238200
299.090900 915.358200 299.090900 915.358200
302.533100 914.353500 302.533100 914.353500
305.943200 913.309900 305.943200 913.309900
309.311700 912.191400 309.311700 912.191400
312.679900 911.045400 312.679900 911.045400
316.061700 909.902400 316.061700 909.902400
319.450400 908.753400 319.450400 908.753400
322.840000 907.560400 322.840000 907.560400
326.249400 906.356000 326.249400 906.356000
329.691100 905.139800 329.691100 905.139800
333.195400 903.900600 333.195400 903.900600
336.754600 902.625300 336.754600 902.625300
340.384100 901.328400 340.384100 901.328400
344.064600 899.969000 344.064600 899.969000
347.769700 898.590900 347.769700 898.590900
351.401700 897.220500 351.401700 897.220500
354.975200 895.841100 354.975200 895.841100
358.485000 894.463600 358.485000 894.463600
361.949500 893.084300 361.949500 893.084300
365.336200 891.732700 365.336200 891.732700
368.619200 890.389400 368.619200 890.389400
371.749500 889.112100 371.749500 889.112100
374.681800 887.918900 374.681800 887.918900
377.389200 886.824500 377.389200 886.824500
379.874900 885.837000 379.874900 885.837000
382.177900 884.931600 382.177900 884.931600
384.328100 884.100300 384.328100 884.100300
386.400700 883.311200 386.400700 883.311200
388.376900 882.536800 388.376900 882.536800
390.309000 881.774800 390.309000 881.774800
392.306100 880.993700 392.306100 880.993700
394.377700 880.162100 394.377700 880.162100
396.550200 879.262200 396.550200 879.262200
398.842300 878.314900 398.842300 878.314900
401.259600 877.339000 401.259600 877.339000
403.789800 876.325100 403.789800 876.325100
406.435900 875.291100 406.435900 875.291100
409.217000 874.214500 409.217000 874.214500
412.118100 873.111300 412.118100 873.111300
415.118700 871.959800 415.118700 871.959800
418.218100 870.771000 418.218100 870.771000
421.393100 869.520300 421.393100 869.520300
424.627300 868.193200 424.627300 868.193200
427.914800 866.771900 427.914800 866.771900
431.247800 865.254500 431.247800 865.254500
434.552400 863.690400 434.552400 863.690400
437.807500 862.081600 437.807500 862.081600
440.966600 860.444200 440.966600 860.444200
444.049200 858.816700 444.049200 858.816700
447.069000 857.193700 447.069000 857.193700
450.037100 855.607100 450.037100 855.607100
452.944600 854.081100 452.944600 854.081100
455.777600 852.654400 455.777600 852.654400
458.467600 851.383400 458.467600 851.383400
460.990700 850.198200 460.990700 850.198200
463.426800 849.070300 463.426800 849.070300
465.787600 847.990900 465.787600 847.990900
468.094900 846.950600 468.094900 846.950600
470.366800 845.937300 470.366800 845.937300
472.708100 844.897600 472.708100 844.897600
475.121700 843.800400 475.121700 843.800400
477.587500 842.683800 477.587500 842.683800
480.152400 841.532300 480.152400 841.532300
482.766300 840.339500 482.766300 840.339500
485.445100 839.143200 485.445100 839.143200
488.188300 837.891400 488.188300 837.891400
490.987500 836.623000 490.987500 836.623000
493.803100 835.351100 493.803100 835.351100
496.624700 834.094400 496.624700 834.094400
499.474300 832.809600 499.474300 832.809600
502.358500 831.502600 502.358500 831.502600
505.286800 830.236700 505.286800 830.236700
508.248000 828.948300 508.248000 828.948300
511.244100 827.658100 511.244100 827.658100
514.267100 826.347100 514.267100 826.347100
517.327800 825.031500 517.327800 825.031500
520.388500 823.719100 520.388500 823.719100
523.389100 822.420300 523.389100 822.420300
526.283400 821.190400 526.283400 821.190400
529.057000 820.023600 529.057000 820.023600
531.704800 818.934000 531.704800 818.934000
534.226500 817.916400 534.226500 817.916400
536.656700 816.946600 536.656700 816.946600
539.023500 815.952900 539.023500 815.952900
541.317300 814.866300 541.317300 814.866300
543.532000 813.688600 543.532000 813.688600
545.686900 812.396800 545.686900 812.396800
547.734700 810.971800 547.734700 810.971800
549.629400 809.339400 549.629400 809.339400
551.297600 807.502100 551.297600 807.502100
552.779900 805.465100 552.779900 805.465100
554.025400 803.122900 554.025400 803.122900
555.053800 800.603800 555.053800 800.603800
555.833800 797.890700 555.833800 797.890700
556.486200 795.031700 556.486200 795.031700
557.103100 792.043700 557.103100 792.043700
557.706900 788.950900 557.706900 788.950900
558.314100 785.757400 558.314100 785.757400
558.963000 782.480200 558.963000 782.480200
559.664300 779.132300 559.664300 779.132300
560.383500 775.702500 560.383500 775.702500
561.143700 772.190100 561.143700 772.190100
561.955700 768.606200 561.955700 768.606200
562.794300 764.921400 562.794300 764.921400
563.665600 761.194600 563.665600 761.194600
564.512000 757.439400 564.512000 757.439400
565.360500 753.691900 565.360500 753.691900
566.202300 749.955700 566.202300 749.955700
567.038700 746.210000 567.038700 746.210000
567.914000 742.455400 567.914000 742.455400
568.809800 738.700200 568.809800 738.700200
569.651600 734.948800 569.651600 734.948800
570.504400 731.165000 570.504400 731.165000
571.381700 727.390900 571.381700 727.390900
572.231200 723.645800 572.231200 723.645800
573.054100 719.904800 573.054100 719.904800
573.889700 716.163100 573.889700 716.163100
574.718600 712.404800 574.718600 712.404800
575.527100 708.639600 575.527100 708.639600
576.261300 704.869800 576.261300 704.869800
576.930700 701.064300 576.930700 701.064300
577.575900 697.234700 577.575900 697.234700
578.192400 693.375300 578.192400 693.375300
578.778500 689.496000 578.778500 689.496000
579.345900 685.591800 579.345900 685.591800
579.857300 681.665400 579.857300 681.665400
580.310600 677.720500 580.310600 677.720500
580.758800 673.746400 580.758800 673.746400
581.155000 669.796200 581.155000 669.796200
581.510700 665.865700 581.510700 665.865700
581.822900 661.969700 581.822900 661.969700
582.077900 658.112900 582.077900 658.112900
582.273900 654.274900 582.273900 654.274900
582.437900 650.427100 582.437900 650.427100
582.599800 646.577200 582.599800 646.577200
582.753900 642.693800 582.753900 642.693800
582.851400 638.813400 582.851400 638.813400
582.898800 634.890000 582.898800 634.890000
582.982400 630.949500 582.982400 630.949500
583.073100 627.003400 583.073100 627.003400
583.192100 623.061600 583.192100 623.061600
583.328900 619.143000 583.328900 619.143000
583.475300 615.223700 583.475300 615.223700
583.625900 611.282200 583.625900 611.282200
583.720700 607.341100 583.720700 607.341100
583.834500 603.396300 583.834500 603.396300
583.934300 599.462000 583.934300 599.462000
584.036500 595.562800 584.036500 595.562800
584.162200 591.689200 584.162200 591.689200
584.227300 587.867900 584.227300 587.867900
584.317600 584.024500 584.317600 584.024500
584.499000 580.192700 584.499000 580.192700
584.808000 576.397200 584.808000 576.397200
585.238500 572.636300 585.238500 572.636300
585.796800 568.901300 585.796800 568.901300
586.480500 565.193700 586.480500 565.193700
587.248500 561.507600 587.248500 561.507600
588.029900 557.836500 588.029900 557.836500
588.838600 554.171600 588.838600 554.171600
589.673700 550.509400 589.673700 550.509400
590.516100 546.866500 590.516100 546.866500
591.343500 543.261900 591.343500 543.261900
592.132200 539.698600 592.132200 539.698600
592.828000 536.162600 592.828000 536.162600
593.460000 532.659000 593.460000 532.659000
594.031700 529.277200 594.031700 529.277200
594.554500 526.081000 594.554500 526.081000
595.075800 523.072600 595.075800 523.072600
595.617300 520.255100 595.617300 520.255100
596.166400 517.626800 596.166400 517.626800
596.704800 515.143200 596.704800 515.143200
597.194900 512.833500 597.194900 512.833500
597.576200 510.694300 597.576200 510.694300
597.786600 508.667900 597.786600 508.667900
597.747500 506.649500 597.747500 506.649500
597.514600 504.697700 597.514600 504.697700
597.070500 502.800000 597.070500 502.800000
596.402400 500.998300 596.402400 500.998300
595.438900 499.228700 595.438900 499.228700
594.162500 497.526700 594.162500 497.526700
592.513700 495.900800 592.513700 495.900800
590.635600 494.532500 590.635600 494.532500
588.500500 493.343000 588.500500 493.343000
586.178900 492.278900 586.178900 492.278900
583.738500 491.279000 583.738500 491.279000
581.166800 490.215600 581.166800 490.215600
578.490800 489.083700 578.490800 489.083700
575.723500 487.861500 575.723500 487.861500
572.904600 486.554700 572.904600 486.554700
570.042200 485.190900 570.042200 485.190900
567.169200 483.760200 567.169200 483.760200
564.280500 482.280300 564.280500 482.280300
561.350400 480.769600 561.350400 480.769600
558.405800 479.261600 558.405800 479.261600
555.376800 477.743300 555.376800 477.743300
552.348800 476.229900 552.348800 476.229900
549.309400 474.657200 549.309400 474.657200
546.268100 473.067100 546.268100 473.067100
543.205700 471.460400 543.205700 471.460400
540.123400 469.844900 540.123400 469.844900
537.055800 468.227900 537.055800 468.227900
534.039300 466.620500 534.039300 466.620500
531.070100 465.041900 531.070100 465.041900
528.189800 463.496400 528.189800 463.496400
525.392500 461.985300 525.392500 461.985300
522.696400 460.482700 522.696400 460.482700
520.138600 459.018200 520.138600 459.018200
517.756100 457.609300 517.756100 457.609300
515.544600 456.272300 515.544600 456.272300
513.468500 454.993400 513.468500 454.993400
511.515000 453.792000 511.515000 453.792000
509.647000 452.752700 509.647000 452.752700
507.816400 451.952700 507.816400 451.952700
506.024700 451.375100 506.024700 451.375100
504.164400 451.057300 504.164400 451.057300
502.213400 450.955500 502.213400 450.955500
500.360000 451.174600 500.360000 451.174600
498.532400 451.717400 498.532400 451.717400
496.762400 452.594900 496.762400 452.594900
495.085200 453.803100 495.085200 453.803100
493.512800 455.370800 493.512800 455.370800
492.140200 457.192000 492.140200 457.192000
490.899800 459.329000 490.899800 459.329000
489.697100 461.689000 489.697100 461.689000
488.436200 464.216900 488.436200 464.216900
487.065300 466.910000 487.065300 466.910000
485.589500 469.753000 485.589500 469.753000
484.009700 472.740300 484.009700 472.740300
482.314200 475.837000 482.314200 475.837000
480.567300 479.018100 480.567300 479.018100
478.766800 482.282500 478.766800 482.282500
476.977200 485.484200 476.977200 485.484200
475.149800 488.770200 475.149800 488.770200
473.326600 492.020400 473.326600 492.020400
471.475600 495.302800 471.475600 495.302800
469.568200 498.617300 469.568200 498.617300
467.651300 501.958900 467.651300 501.958900
465.708000 505.334400 465.708000 505.334400
463.769100 508.731500 463.769100 508.731500
461.845200 512.161900 461.845200 512.161900
459.919600 515.621400 459.919600 515.621400
457.939000 519.112900 457.939000 519.112900
455.953400 522.620500 455.953400 522.620500
453.935100 526.117100 453.935100 526.117100
451.928900 529.614300 451.928900 529.614300
449.964500 533.134600 449.964500 533.134600
448.010500 536.687300 448.010500 536.687300
446.054100 540.236000 446.054100 540.236000
444.056100 543.807900 444.056100 543.807900
442.049300 547.417800 442.049300 547.417800
440.037800 551.028500 440.037800 551.028500
438.025200 554.634600 438.025200 554.634600
435.977800 558.237500 435.977800 558.237500
433.919500 561.855000 433.919500 561.855000
431.843000 565.470100 431.843000 565.470100
429.767800 569.108300 429.767800 569.108300
427.667800 572.747600 427.667800 572.747600
425.537800 576.435200 425.537800 576.435200
423.436400 580.100900 423.436400 580.100900
421.318500 583.767700 421.318500 583.767700
419.219900 587.449100 419.219900 587.449100
417.120400 591.134600 417.120400 591.134600
415.005200 594.832500 415.005200 594.832500
412.888500 598.541400 412.888500 598.541400
410.755500 602.261600 410.755500 602.261600
408.648800 605.999000 408.648800 605.999000
406.499300 609.720300 406.499300 609.720300
404.349900 613.457900 404.349900 613.457900
402.219500 617.158900 402.219500 617.158900
400.144400 620.804100 400.144400 620.804100
398.088300 624.376000 398.088300 624.376000
396.094000 627.872100 396.094000 627.872100
394.096100 631.363900 394.096100 631.363900
392.096200 634.841100 392.096200 634.841100
390.122200 638.266000 390.122200 638.266000
388.138200 641.719200 388.138200 641.719200
386.190000 645.182000 386.190000 645.182000
384.289400 648.626900 384.289400 648.626900
382.388400 652.005600 382.388400 652.005600
380.473700 655.356700 380.473700 655.356700
378.503900 658.701400 378.503900 658.701400
376.494800 662.062000 376.494800 662.062000
374.499000 665.373200 374.499000 665.373200
372.495100 668.759000 372.495100 668.759000
370.503500 672.182700 370.503500 672.182700
368.470500 675.625200 368.470500 675.625200
366.423200 679.124800 366.423200 679.124800
364.370700 682.649600 364.370700 682.649600
362.295100 686.175900 362.295100 686.175900
360.227100 689.735900 360.227100 689.735900
358.182300 693.297500 358.182300 693.297500
356.109700 696.850900 356.109700 696.850900
354.085800 700.357400 354.085800 700.357400
352.038300 703.859700 352.038300 703.859700
350.008800 707.353700 350.008800 707.353700
347.982700 710.855500 347.982700 710.855500
345.942000 714.320900 345.942000 714.320900
343.906200 717.779200 343.906200 717.779200
341.889600 721.226700 341.889600 721.226700
339.882000 724.654800 339.882000 724.654800
337.868700 728.103400 337.868700 728.103400
335.866200 731.571800 335.866200 731.571800
333.967500 735.105200 333.967500 735.105200
332.130600 738.707000 332.130600 738.707000
330.109000 742.325700 330.109000 742.325700
328.052600 745.993300 328.052600 745.993300
325.960300 749.694700 325.960300 749.694700
323.882400 753.400900 323.882400 753.400900
321.810400 757.046400 321.810400 757.046400
319.688500 760.664000 319.688500 760.664000
317.595700 764.288500 317.595700 764.288500
315.554700 767.892700 315.554700 767.892700
313.514600 771.526200 313.514600 771.526200
311.450700 775.119600 311.450700 775.119600
309.357300 778.629400 309.357300 778.629400
307.194900 782.050500 307.194900 782.050500
304.937400 785.448200 304.937400 785.448200
302.592400 788.799400 302.592400 788.799400
300.153800 792.111000 300.153800 792.111000
297.624000 795.374800 297.624000 795.374800
294.927000 798.539300 294.927000 798.539300
292.185800 801.678500 292.185800 801.678500
289.192200 804.695700 289.192200 804.695700
286.151300 807.624000 286.151300 807.624000
283.065000 810.476300 283.065000 810.476300
280.007100 813.213700 280.007100 813.213700
276.942200 815.904300 276.942200 815.904300
273.811500 818.493600 273.811500 818.493600
270.605600 820.960500 270.605600 820.960500
267.321200 823.303700 267.321200 823.303700
264.005200 825.567800 264.005200 825.567800
260.657900 827.735000 260.657900 827.735000
257.273000 829.813900 257.273000 829.813900
253.861800 831.809200 253.861800 831.809200
250.446800 833.761300 250.446800 833.761300
247.052800 835.652800 247.052800 835.652800
243.677200 837.476800 243.677200 837.476800
240.295500 839.294300 240.295500 839.294300
236.906500 841.089700 236.906500 841.089700
233.510200 842.896300 233.510200 842.896300
230.131200 844.723000 230.131200 844.723000
226.769300 846.514500 226.769300 846.514500
223.408300 848.268000 223.408300 848.268000
220.026300 849.991200 220.026300 849.991200
216.652600 851.728000 216.652600 851.728000
213.269900 853.442300 213.269900 853.442300
209.880600 855.139200 209.880600 855.139200
206.468800 856.885000 206.468800 856.885000
203.010300 858.620500 203.010300 858.620500
199.502700 860.363300 199.502700 860.363300
196.002500 862.107300 196.002500 862.107300
192.526600 863.893400 192.526600 863.893400
189.070200 865.686900 189.070200 865.686900
185.622800 867.526100 185.622800 867.526100
182.188500 869.362900 182.188500 869.362900
178.750800 871.210600 178.750800 871.210600
175.314500 873.051400 175.314500 873.051400
171.878500 874.938000 171.878500 874.938000
168.464000 876.882000 168.464000 876.882000
165.093500 878.898700 165.093500 878.898700
161.793700 881.039600 161.793700 881.039600
158.553600 883.315600 158.553600 883.315600
155.369300 885.727000 155.369300 885.727000
152.279000 888.277000 152.279000 888.277000
149.259200 890.897300 149.259200 890.897300
146.298100 893.633000 146.298100 893.633000
143.341500 896.377900 143.341500 896.377900
140.419600 899.149000 140.419600 899.149000
137.428800 901.883400 137.428800 901.883400
134.430600 904.585400 134.430600 904.585400
131.430500 907.268900 131.430500 907.268900
128.400000 909.942700 128.400000 909.942700
125.387100 912.605700 125.387100 912.605700
122.446000 915.311700 122.446000 915.311700
